0.78 0
1.22 1
1.65 2
2.08 2
2.94 2
3.37 2
3.80 1
4.23 0
4.66 1
5.53 2
5.96 3
6.39 2
6.82 0
7.25 1
8.11 2
8.54 2
8.97 1
9.40 0
9.84 2
10.70 0
10.84 1
11.13 3
11.56 1
11.99 0
12.42 2
13.72 2
14.15 1
14.58 0
15.01 2
16.30 2
16.73 3
17.60 2
18.89 2
19.32 1
19.75 2
20.18 2
21.05 0
21.19 1
21.48 2
21.91 0
22.34 0
22.77 2
23.63 3
24.06 2
24.49 2
24.93 1
25.36 2
25.79 0
26.22 2
26.65 1
27.94 1
28.80 2
29.24 3
29.67 2
30.10 2
30.53 2
31.54 2
31.82 1
33.12 2
33.98 2
34.41 2
34.84 1
35.27 0
35.70 1
36.56 2
37.00 3
37.43 2
37.86 0
38.29 1
39.15 2
39.58 2
40.01 1
40.44 0
40.88 1
43.46 2
